# /dev/cpu_dma_latency set to 0us
# Histogram
000000 000000	000000	000000	000000	000000	000000	000000	000000
000001 002475	038405	851883	000662	000000	000000	068040	027838
000002 31733178	33083050	27638077	32977401	27887654	28747713	26932476	33527027
000003 1403989	1180085	5870865	1648136	5002703	5516123	2440846	951016
000004 1131888	838189	2446291	679686	1056975	870651	6111694	703819
000005 2840977	2139590	441038	1922402	2584111	1808374	1507300	2093323
000006 438247	289387	191287	345946	1003549	614454	213539	279568
000007 052999	042459	117735	036154	057641	048528	119538	033871
000008 021170	011938	046435	017222	023598	023168	160566	015195
000009 018293	008474	032314	015835	018003	015832	049735	014213
000010 009690	011585	018375	008981	012356	007998	037516	004459
000011 003763	009208	004071	003625	006792	003278	013542	002778
000012 002349	004386	001323	002487	004165	002490	003366	003848
000013 001346	002915	000711	001474	002231	001594	001204	001843
000014 000533	001138	000394	000481	000893	000563	000913	001308
000015 000337	000352	000369	000284	000432	000278	000500	000785
000016 000249	000307	000246	000264	000230	000225	000293	000315
000017 000209	000173	000164	000245	000169	000138	000204	000137
000018 000101	000103	000129	000197	000098	000110	000115	000079
000019 000084	000067	000057	000130	000064	000065	000066	000053
000020 000043	000054	000023	000084	000023	000036	000034	000019
000021 000016	000017	000008	000035	000005	000006	000022	000006
000022 000007	000003	000009	000007	000002	000005	000010	000000
000023 000005	000002	000003	000003	000002	000002	000010	000001
000024 000003	000000	000005	000000	000001	000000	000003	000000
000025 000003	000001	000003	000001	000000	000001	000009	000000
000026 000001	000001	000001	000001	000000	000000	000006	000000
000027 000001	000000	000001	000000	000000	000000	000003	000000
000028 000000	000001	000005	000000	000000	000000	000003	000000
000029 000000	000000	000003	000000	000000	000000	000001	000000
000030 000000	000000	000000	000000	000000	000000	000000	000000
000031 000000	000000	000001	000000	000000	000000	000000	000000
000032 000000	000001	000000	000000	000000	000000	000000	000000
000033 000000	000000	000000	000000	000000	000000	000000	000000
000034 000000	000000	000000	000000	000000	000000	000000	000000
000035 000000	000000	000000	000000	000000	000000	000000	000000
000036 000000	000000	000000	000000	000000	000000	000000	000000
000037 000000	000000	000000	000000	000000	000000	000000	000000
000038 000000	000000	000000	000000	000000	000000	000000	000000
000039 000000	000000	000000	000000	000000	000000	000000	000000
000040 000000	000000	000000	000000	000000	000000	000000	000000
000041 000000	000000	000000	000000	000000	000000	000000	000000
000042 000000	000000	000000	000000	000000	000000	000000	000000
000043 000000	000000	000000	000000	000000	000000	000000	000000
000044 000000	000000	000000	000000	000000	000000	000000	000000
000045 000000	000000	000000	000000	000000	000000	000000	000000
000046 000000	000000	000000	000000	000000	000000	000000	000000
000047 000000	000000	000000	000000	000000	000000	000000	000000
000048 000000	000000	000000	000000	000000	000000	000000	000000
000049 000000	000000	000000	000000	000000	000000	000000	000000
000050 000000	000000	000000	000000	000000	000000	000000	000000
# Total: 037661956 037661891 037661826 037661743 037661697 037661632 037661554 037661501
# Min Latencies: 00001 00001 00001 00001 00002 00002 00001 00001
# Avg Latencies: 00002 00002 00002 00002 00002 00002 00002 00002
# Max Latencies: 00027 00032 00031 00026 00024 00025 00029 00023
# Histogram Overflows: 00000 00000 00000 00000 00000 00000 00000 00000
# Histogram Overflow at cycle number:
# Thread 0:
# Thread 1:
# Thread 2:
# Thread 3:
# Thread 4:
# Thread 5:
# Thread 6:
# Thread 7:

