# /dev/cpu_dma_latency set to 0us
# Histogram
000000 000000	000000	000000	000000
000001 000000	000000	000000	000000
000002 000000	000000	000000	000000
000003 000064	000000	000000	000000
000004 2038745	1944544	2191930	2069754
000005 2526499	2183452	2598725	1930082
000006 14449850	14615397	16865115	16418334
000007 29012750	28511244	28820623	29472956
000008 4533900	4778648	3805364	3687679
000009 3221436	2773306	2453904	2264648
000010 4144693	4002456	2790938	3069328
000011 2580602	2942550	2883663	2850390
000012 1518541	1923756	1857347	2468329
000013 417263	598827	405155	471909
000014 191804	265205	165786	145652
000015 155854	197015	086899	104333
000016 076304	104796	048556	047016
000017 047000	065219	030544	022023
000018 035862	048455	020908	011817
000019 025130	034692	012529	006135
000020 018912	023696	005361	003136
000021 014025	014550	002112	001658
000022 010757	008139	001047	001024
000023 008640	004393	000485	000564
000024 006769	002546	000283	000342
000025 004908	001673	000205	000227
000026 003266	001220	000155	000176
000027 001916	000811	000070	000109
000028 001108	000491	000034	000043
000029 000635	000278	000021	000009
000030 000388	000174	000007	000005
000031 000185	000121	000003	000002
000032 000098	000086	000002	000003
000033 000055	000043	000003	000000
000034 000033	000045	000001	000000
000035 000020	000026	000001	000000
000036 000008	000018	000001	000000
000037 000005	000010	000002	000000
000038 000004	000006	000000	000000
000039 000004	000004	000000	000000
000040 000001	000005	000000	000000
000041 000000	000002	000001	000000
000042 000002	000008	000000	000000
000043 000000	000004	000001	000000
000044 000000	000001	000001	000000
000045 000000	000000	000000	000000
000046 000000	000000	000000	000000
000047 000000	000000	000000	000000
000048 000000	000000	000000	000000
000049 000000	000000	000000	000000
000050 000000	000000	000000	000000
000051 000000	000001	000000	000000
000052 000000	000000	000000	000000
000053 000000	000000	000000	000000
000054 000000	000000	000000	000000
000055 000000	000000	000000	000000
000056 000000	000000	000000	000000
000057 000000	000001	000000	000000
000058 000000	000000	000000	000000
000059 000000	000000	000000	000000
000060 000000	000000	000000	000000
000061 000000	000000	000000	000000
000062 000000	000000	000000	000000
000063 000000	000000	000000	000000
000064 000000	000000	000000	000000
000065 000000	000000	000000	000000
000066 000000	000000	000000	000000
000067 000000	000000	000000	000000
000068 000000	000000	000000	000000
000069 000000	000000	000000	000000
000070 000000	000000	000000	000000
000071 000000	000000	000000	000000
000072 000000	000000	000000	000000
000073 000000	000000	000000	000000
000074 000000	000000	000000	000000
000075 000000	000000	000000	000000
000076 000000	000000	000000	000000
000077 000000	000000	000000	000000
000078 000000	000000	000000	000000
000079 000000	000000	000000	000000
000080 000000	000000	000000	000000
000081 000000	000000	000000	000000
000082 000000	000000	000000	000000
000083 000000	000001	000000	000000
000084 000000	000000	000000	000000
000085 000000	000000	000000	000000
000086 000000	000000	000000	000000
000087 000000	000000	000000	000000
000088 000000	000000	000000	000000
000089 000000	000000	000000	000000
000090 000000	000000	000000	000000
000091 000000	000000	000000	000000
000092 000000	000000	000000	000000
000093 000000	000000	000000	000000
000094 000000	000000	000000	000000
000095 000000	000000	000000	000000
000096 000000	000000	000000	000000
000097 000000	000000	000000	000000
000098 000000	000000	000000	000000
000099 000000	000000	000000	000000
000100 000000	000000	000000	000000
# Total: 065048036 065047915 065047782 065047683
# Min Latencies: 00003 00004 00004 00004
# Avg Latencies: 00007 00007 00007 00007
# Max Latencies: 00042 00083 00044 00208
# Histogram Overflows: 00000 00000 00000 00001
# Histogram Overflow at cycle number:
# Thread 0:
# Thread 1:
# Thread 2:
# Thread 3: 6015782

